,diagnosis,radius_worst,fractal_dimension_mean,perimeter_mean,concave points_mean,compactness_se,concavity_mean,concave points_worst,fractal_dimension_worst,area_se,concavity_worst,concavity_se,symmetry_mean
0,1,25.38,0.07871,122.8,0.1471,0.04904,0.3001,0.2654,0.1189,153.4,0.7119,0.05373,0.2419
1,1,24.99,0.05667,132.9,0.07017,0.01308,0.0869,0.186,0.08902,74.08,0.2416,0.0186,0.1812
2,1,23.57,0.05999,130.0,0.1279,0.04006,0.1974,0.243,0.08758,94.03,0.4504,0.03832,0.2069
3,1,14.91,0.09744,77.58,0.1052,0.07458,0.2414,0.2575,0.173,27.23,0.6869,0.05661,0.2597
4,1,22.54,0.05883,135.1,0.1043,0.02461,0.198,0.1625,0.07678,94.44,0.4,0.05688,0.1809
5,1,15.47,0.07613,82.57,0.08089,0.03345,0.1578,0.1741,0.1244,27.19,0.5355,0.03672,0.2087
6,1,22.88,0.05742,119.6,0.074,0.01382,0.1127,0.1932,0.08368,53.91,0.3784,0.02254,0.1794
7,1,17.06,0.07451,90.2,0.05985,0.03029,0.09366,0.1556,0.1151,50.96,0.2678,0.02488,0.2196
8,1,15.49,0.07389,87.5,0.09353,0.03502,0.1859,0.206,0.1072,24.32,0.539,0.03553,0.235
9,1,15.09,0.08243,83.97,0.08543,0.07217,0.2273,0.221,0.2075,23.94,1.105,0.07743,0.203
10,1,19.19,0.05697,102.7,0.03323,0.009269,0.03299,0.09975,0.08452,40.51,0.1459,0.01101,0.1528
11,1,20.42,0.06082,103.6,0.06606,0.04061,0.09954,0.181,0.1048,54.16,0.3965,0.02791,0.1842
12,1,20.96,0.078,132.4,0.1118,0.08297,0.2065,0.1767,0.1023,116.2,0.3639,0.0889,0.2397
13,1,16.84,0.05338,103.7,0.05364,0.03126,0.09938,0.1119,0.06287,36.58,0.2322,0.05051,0.1847
14,1,15.03,0.07682,93.6,0.08025,0.05936,0.2128,0.2208,0.1431,19.21,0.6943,0.05501,0.2069
15,1,17.46,0.07077,96.73,0.07364,0.0424,0.1639,0.1712,0.1341,32.55,0.7026,0.04741,0.2303
16,1,19.07,0.05922,94.74,0.05259,0.01162,0.07395,0.1609,0.08216,45.4,0.2914,0.01998,0.1586
17,1,20.96,0.07356,108.1,0.1028,0.02501,0.1722,0.2073,0.1142,54.18,0.4784,0.03188,0.2164
18,1,27.32,0.05395,130.0,0.09498,0.01893,0.1479,0.2388,0.07615,112.4,0.5372,0.03391,0.1582
19,0,15.11,0.05766,87.46,0.04781,0.0146,0.06664,0.1288,0.07259,23.56,0.239,0.02387,0.1885
20,0,14.5,0.06811,85.63,0.0311,0.01898,0.04568,0.07283,0.08183,14.67,0.189,0.01698,0.1967
21,0,10.23,0.06905,60.34,0.02076,0.01432,0.02956,0.06227,0.07773,15.7,0.08867,0.01985,0.1815
22,1,18.07,0.07032,102.5,0.09756,0.05328,0.2077,0.2393,0.09946,44.91,0.6305,0.06446,0.2521
23,1,29.17,0.05278,137.2,0.08632,0.01259,0.1097,0.2009,0.07526,93.99,0.3155,0.01715,0.1769
24,1,26.46,0.0633,110.0,0.0917,0.01882,0.1525,0.2095,0.09564,102.6,0.4695,0.02741,0.1995
25,1,22.25,0.07413,116.0,0.1401,0.03799,0.2229,0.255,0.1059,111.4,0.3853,0.03732,0.304
26,1,17.62,0.06924,97.41,0.08783,0.03055,0.1425,0.2701,0.1275,21.05,0.5539,0.02681,0.2252
27,1,21.31,0.05699,122.1,0.07731,0.02722,0.149,0.149,0.07421,93.54,0.3446,0.05081,0.1697
28,1,20.27,0.0654,102.4,0.08751,0.03057,0.1683,0.2024,0.09876,43.5,0.6335,0.03576,0.1926
29,1,20.01,0.06149,115.0,0.07953,0.03033,0.09875,0.1456,0.07919,61.1,0.2489,0.03407,0.1739
30,1,23.15,0.06197,124.8,0.1244,0.03374,0.2319,0.1848,0.09782,105.0,0.6133,0.05196,0.2183
31,1,16.82,0.07799,77.93,0.05182,0.03414,0.1218,0.1546,0.1402,41.0,0.6956,0.04205,0.2301
32,1,20.88,0.06382,112.8,0.1203,0.03082,0.2417,0.1847,0.08482,67.78,0.5588,0.05042,0.2248
33,1,24.15,0.06261,127.9,0.07593,0.03318,0.1657,0.1785,0.1123,68.17,0.6091,0.03497,0.1853
34,1,20.21,0.06515,107.0,0.07752,0.02868,0.1354,0.1864,0.1233,35.03,0.5274,0.02664,0.1998
35,1,20.01,0.05656,110.1,0.06018,0.02499,0.1348,0.1813,0.08633,45.19,0.5409,0.03695,0.1896
36,1,15.89,0.06125,93.63,0.05598,0.02995,0.1319,0.1447,0.1014,24.91,0.5186,0.04815,0.1885
37,0,13.3,0.05863,82.61,0.02923,0.004899,0.02562,0.05013,0.06169,14.16,0.04833,0.01343,0.1467
38,1,14.99,0.05504,95.54,0.02899,0.01094,0.02398,0.02899,0.05504,106.0,0.02398,0.01818,0.1565
39,1,15.53,0.06419,88.4,0.05439,0.02239,0.1063,0.2258,0.1071,18.52,0.503,0.03049,0.172
40,1,15.93,0.05587,86.18,0.02031,0.01102,0.0311,0.1112,0.07146,20.53,0.2085,0.0139,0.1784
41,1,12.84,0.0687,71.9,0.05669,0.01764,0.1044,0.1424,0.09606,16.97,0.4023,0.02595,0.1895
42,1,24.09,0.06343,128.3,0.09961,0.1006,0.2107,0.2493,0.1038,104.9,0.7242,0.09723,0.231
43,1,17.38,0.06782,87.32,0.06158,0.02147,0.09847,0.1492,0.1027,31.33,0.3664,0.02185,0.1974
44,1,16.23,0.06177,85.42,0.05252,0.01384,0.08259,0.1607,0.09618,14.49,0.3728,0.01452,0.1746
45,1,22.82,0.06049,123.7,0.1009,0.03994,0.1974,0.2378,0.09185,71.56,0.7345,0.05554,0.1907
46,0,8.964,0.06503,51.71,0.005917,0.01646,0.01588,0.02564,0.07409,8.205,0.0688,0.01588,0.1769
47,1,15.67,0.06777,85.98,0.0734,0.02336,0.1226,0.2088,0.1179,24.25,0.5006,0.02905,0.2128
48,0,13.76,0.06043,78.04,0.02749,0.01427,0.06592,0.06548,0.08301,19.87,0.305,0.02322,0.1675
49,0,15.15,0.05718,86.91,0.03384,0.01382,0.04751,0.1282,0.06917,20.2,0.2282,0.02095,0.1809
50,0,12.98,0.05888,74.72,0.01115,0.009758,0.01657,0.03715,0.06563,28.47,0.05523,0.01168,0.1495
51,0,14.67,0.05953,87.21,0.01723,0.01177,0.01857,0.08586,0.08025,14.55,0.105,0.01079,0.1353
52,0,13.1,0.0611,75.71,0.01349,0.00838,0.01972,0.06296,0.07408,17.47,0.09203,0.01311,0.1868
53,1,20.6,0.0631,120.3,0.106,0.02961,0.1772,0.1325,0.07987,98.81,0.2623,0.02817,0.2092
54,1,18.1,0.05684,97.26,0.03334,0.0103,0.05253,0.153,0.07873,29.91,0.2712,0.01603,0.1616
55,0,12.84,0.05907,73.34,0.02278,0.008722,0.03036,0.06316,0.07036,23.47,0.09076,0.01349,0.192
56,1,26.14,0.05961,125.5,0.08994,0.02306,0.1323,0.2091,0.08294,102.5,0.3879,0.02945,0.1917
57,1,17.87,0.06758,95.55,0.08123,0.02855,0.1293,0.1834,0.1094,40.09,0.3587,0.02572,0.2027
58,0,14.23,0.05501,82.61,0.004167,0.008593,0.000692,0.01111,0.06289,32.96,0.001845,0.000692,0.1819
59,0,9.507,0.07187,54.34,0.007799,0.01055,0.02061,0.04419,0.09026,8.322,0.1168,0.01981,0.1683
60,0,11.02,0.0696,64.55,0.0129,0.01099,0.01084,0.02579,0.0802,34.62,0.02168,0.007665,0.2743
61,0,9.565,0.06757,54.66,0.009259,0.03162,0.03,0.02778,0.07712,18.39,0.09001,0.03,0.1828
62,1,17.67,0.07292,96.42,0.08653,0.07056,0.2135,0.1785,0.1132,60.78,0.6922,0.06899,0.1949
63,0,10.01,0.06963,59.2,0.0218,0.03938,0.05988,0.05087,0.0849,23.52,0.1397,0.04312,0.2341
64,1,17.09,0.0659,82.69,0.06873,0.02648,0.1128,0.1716,0.1031,36.46,0.4024,0.02973,0.1905
65,1,17.31,0.06654,97.4,0.09029,0.0231,0.1267,0.1614,0.08911,35.24,0.3024,0.02315,0.1953
66,0,10.41,0.06899,60.11,0.01504,0.01755,0.02172,0.06517,0.09211,14.2,0.09412,0.01714,0.1717
67,0,12.33,0.05667,71.8,0.0223,0.009216,0.03709,0.06961,0.06641,18.15,0.1444,0.02063,0.1516
68,0,10.31,0.08046,58.79,0.04375,0.08606,0.313,0.175,0.1175,17.67,1.252,0.3038,0.2111
69,0,13.46,0.05653,81.37,0.02864,0.005612,0.03653,0.05882,0.0641,18.33,0.1039,0.01585,0.159
70,1,24.86,0.05461,123.6,0.07951,0.01652,0.108,0.1789,0.06589,96.05,0.2687,0.02269,0.1582
71,0,9.733,0.0898,58.79,0.02872,0.09368,0.08606,0.04786,0.1084,25.44,0.1434,0.05671,0.1902
72,1,23.32,0.06487,114.2,0.07944,0.05616,0.1692,0.1899,0.1339,69.47,0.6566,0.04252,0.1927
73,1,16.57,0.06566,90.43,0.05069,0.02065,0.07789,0.1383,0.103,23.35,0.2779,0.01759,0.1662
74,0,14.11,0.05914,79.19,0.02272,0.01819,0.03372,0.0866,0.07609,19.68,0.1703,0.01826,0.172
75,1,19.77,0.05391,104.1,0.06638,0.02203,0.09769,0.152,0.06387,79.25,0.2829,0.035,0.1798
76,0,14.08,0.06641,87.91,0.06556,0.02839,0.06877,0.07407,0.07191,32.65,0.08539,0.01162,0.2403
77,1,22.39,0.06673,120.2,0.108,0.05839,0.1684,0.2102,0.1108,134.8,0.3786,0.04658,0.2152
78,1,23.37,0.08142,143.7,0.1604,0.06835,0.3754,0.2508,0.09964,116.4,0.7681,0.1091,0.2906
79,0,14.24,0.05997,83.19,0.02315,0.01661,0.03889,0.07926,0.07918,20.35,0.1731,0.02071,0.1718
80,0,13.11,0.07005,73.81,0.02233,0.01706,0.04591,0.06127,0.08851,24.62,0.1755,0.02586,0.1842
81,0,15.53,0.06902,86.49,0.06987,0.03575,0.1169,0.1708,0.1016,12.96,0.4858,0.0398,0.1942
82,1,30.0,0.06782,171.5,0.1845,0.05693,0.3339,0.2867,0.1051,120.0,0.6476,0.0573,0.1829
83,1,20.33,0.07224,129.1,0.1469,0.0605,0.1937,0.1841,0.09203,67.1,0.2432,0.02134,0.1634
84,0,13.67,0.05968,76.95,0.01863,0.01812,0.04151,0.07632,0.07924,16.16,0.2267,0.02007,0.2079
85,1,22.93,0.06022,121.1,0.08795,0.01649,0.1335,0.1642,0.08579,80.6,0.3157,0.02806,0.2132
86,1,16.21,0.05636,94.25,0.04938,0.02983,0.1204,0.1225,0.06846,38.87,0.3349,0.05371,0.2075
87,1,24.56,0.05629,122.0,0.08271,0.01842,0.1468,0.1956,0.09288,57.65,0.5755,0.0371,0.1953
88,0,13.83,0.06404,79.78,0.03745,0.02493,0.06015,0.1205,0.09261,20.95,0.2434,0.02703,0.193
89,0,16.34,0.06346,95.77,0.07064,0.04412,0.09966,0.1397,0.08473,42.76,0.2604,0.04436,0.2116
90,0,16.11,0.05866,94.57,0.02957,0.01818,0.03102,0.06946,0.07246,33.76,0.09189,0.01121,0.1685
91,1,16.43,0.06097,100.2,0.07483,0.02444,0.1122,0.1476,0.06828,29.44,0.2846,0.04531,0.1717
92,0,16.36,0.05318,84.74,0.02648,0.01038,0.03261,0.1001,0.06206,36.35,0.135,0.01358,0.1386
93,0,15.1,0.0571,86.6,0.0278,0.01491,0.03974,0.07911,0.06603,25.22,0.1381,0.01872,0.1638
94,1,18.23,0.06284,100.3,0.08815,0.03715,0.17,0.2115,0.08234,47.14,0.5203,0.04867,0.1855
95,1,24.22,0.05649,132.4,0.08683,0.03482,0.1465,0.1573,0.08368,87.87,0.4098,0.04232,0.2095
96,0,12.83,0.06635,77.79,0.02941,0.01179,0.0249,0.05882,0.07376,24.44,0.0498,0.01131,0.19
97,0,10.92,0.0689,62.11,0.007937,0.01463,0.006829,0.02381,0.08988,20.05,0.02049,0.005308,0.135
98,0,13.06,0.06582,74.34,0.0335,0.0133,0.04196,0.08449,0.08756,15.75,0.1922,0.01693,0.162
99,1,16.33,0.0639,94.48,0.05839,0.02895,0.09388,0.1565,0.09353,26.85,0.3194,0.03321,0.1879
100,1,16.99,0.05871,88.05,0.04489,0.01488,0.08625,0.1184,0.07397,43.14,0.3169,0.02647,0.1609
101,0,7.93,0.07818,43.79,0.0,0.01084,0.0,0.0,0.09382,9.833,0.0,0.0,0.193
102,0,13.34,0.05677,77.22,0.0177,0.006098,0.02383,0.07431,0.06878,14.68,0.1145,0.01069,0.1739
103,0,10.76,0.06322,63.95,0.03029,0.02196,0.06154,0.09749,0.0849,11.77,0.2644,0.03029,0.1945
104,0,11.54,0.06481,67.41,0.01201,0.02219,0.02995,0.03203,0.07552,23.13,0.07987,0.0288,0.2217
105,1,16.31,0.07692,87.21,0.09601,0.02912,0.2071,0.1986,0.1405,34.66,0.6376,0.05473,0.1925
106,0,13.14,0.0652,75.17,0.03485,0.0231,0.0707,0.1218,0.09097,20.62,0.2873,0.02945,0.1801
107,0,13.29,0.06066,79.01,0.01921,0.01047,0.02643,0.08442,0.07185,9.227,0.1937,0.01167,0.1602
108,1,28.4,0.07039,152.8,0.1823,0.08668,0.4264,0.291,0.09789,170.0,0.9608,0.104,0.2556
109,0,13.01,0.06529,72.48,0.01899,0.01557,0.05133,0.08278,0.08832,16.41,0.312,0.02443,0.1487
110,0,11.05,0.07065,62.5,0.01778,0.02932,0.04334,0.05334,0.08468,22.87,0.13,0.02722,0.1584
111,0,13.33,0.0707,82.15,0.06021,0.04042,0.1065,0.1105,0.08486,20.48,0.2216,0.05101,0.1735
112,0,15.3,0.07769,97.83,0.07798,0.07446,0.3003,0.1505,0.1082,29.25,0.6783,0.1435,0.1704
113,0,11.16,0.07782,68.64,0.03068,0.03747,0.06476,0.06136,0.09026,19.91,0.1295,0.04591,0.1922
114,0,9.628,0.07633,55.84,0.01924,0.02213,0.04132,0.105,0.1017,8.966,0.2456,0.03259,0.1649
115,0,13.67,0.06194,76.53,0.02008,0.02507,0.03328,0.07247,0.08541,24.79,0.1503,0.01835,0.1688
116,0,9.414,0.07163,58.74,0.02308,0.0676,0.09263,0.03846,0.07722,16.94,0.1544,0.09263,0.1305
117,1,18.81,0.06768,98.64,0.08923,0.02563,0.169,0.2027,0.1065,41.18,0.4704,0.03011,0.2157
118,1,20.19,0.07331,105.7,0.09479,0.03976,0.2133,0.2034,0.1252,58.63,0.7356,0.0595,0.2096
119,1,20.58,0.05025,114.2,0.05596,0.008422,0.07293,0.1185,0.06111,54.04,0.2249,0.02291,0.2129
120,0,12.82,0.06113,73.34,0.02623,0.01529,0.03512,0.08958,0.08523,10.5,0.2102,0.01514,0.1667
121,1,22.25,0.06213,121.4,0.08665,0.02101,0.1457,0.1674,0.08456,90.47,0.3272,0.03342,0.1966
122,1,26.02,0.06877,166.2,0.2012,0.09806,0.4268,0.2248,0.08009,233.0,0.5803,0.1278,0.2655
123,0,15.7,0.06402,94.28,0.05778,0.01276,0.08842,0.1221,0.08006,24.19,0.256,0.02882,0.1856
124,0,14.26,0.05823,86.1,0.028,0.0327,0.08092,0.08978,0.07628,14.66,0.3308,0.04957,0.1422
125,0,15.49,0.0589,88.44,0.01141,0.009169,0.0142,0.05104,0.07182,17.91,0.08115,0.009127,0.1614
126,1,16.89,0.0613,87.76,0.03085,0.01174,0.05285,0.1329,0.079,19.83,0.3796,0.01796,0.1761
127,1,22.32,0.05044,123.4,0.05627,0.02731,0.09271,0.1218,0.06541,81.23,0.3207,0.0404,0.1946
128,0,16.11,0.06467,99.58,0.08534,0.04185,0.1138,0.1423,0.07779,39.84,0.196,0.03204,0.2001
129,1,22.63,0.06113,130.4,0.1149,0.03179,0.2545,0.1732,0.08465,63.33,0.5673,0.04755,0.2202
130,0,13.34,0.06471,79.08,0.02882,0.02456,0.02855,0.08187,0.09241,15.24,0.09915,0.01018,0.188
131,1,19.26,0.05796,101.7,0.08087,0.01484,0.1466,0.1514,0.08019,48.31,0.3791,0.02813,0.1931
132,1,19.47,0.05891,106.2,0.05613,0.01952,0.1043,0.1312,0.07619,43.68,0.2992,0.02219,0.216
133,0,17.5,0.05723,102.0,0.05933,0.01515,0.07135,0.1374,0.07071,27.94,0.1709,0.01678,0.1816
134,1,22.52,0.05727,120.2,0.06847,0.01422,0.1153,0.1379,0.0761,68.35,0.3965,0.02855,0.1692
135,1,14.49,0.06065,81.72,0.02704,0.01202,0.04711,0.09331,0.08067,19.87,0.2177,0.02332,0.1585
136,0,13.33,0.05945,74.72,0.026,0.0138,0.03592,0.06968,0.07343,34.37,0.1046,0.02662,0.1339
137,0,12.32,0.05865,73.06,0.02875,0.01521,0.03503,0.08476,0.06765,12.67,0.1399,0.01434,0.1734
138,1,18.55,0.06216,96.85,0.08624,0.0348,0.1539,0.1667,0.07147,101.9,0.3355,0.06577,0.1957
139,0,11.92,0.06072,73.0,0.04796,0.03498,0.04635,0.08611,0.06784,26.33,0.08669,0.02187,0.1771
140,0,10.62,0.06422,61.24,0.0,0.005656,0.0,0.0,0.08151,12.26,0.0,0.0,0.1903
141,1,19.92,0.06248,105.1,0.05943,0.01938,0.09447,0.1216,0.08158,74.08,0.2802,0.03067,0.1861
142,0,12.78,0.06562,73.66,0.01861,0.01735,0.02031,0.06402,0.08096,21.38,0.07708,0.01158,0.1645
143,0,14.48,0.06235,83.74,0.03088,0.01563,0.04894,0.1012,0.08118,16.64,0.209,0.0151,0.1778
144,0,11.95,0.05688,68.26,0.007875,0.01781,0.02251,0.03413,0.06769,17.74,0.09755,0.02018,0.1399
145,0,13.15,0.07839,78.11,0.03003,0.04741,0.0371,0.06042,0.1036,25.03,0.0942,0.02789,0.1995
146,1,13.74,0.07371,78.99,0.07415,0.03633,0.1659,0.1865,0.103,24.72,0.4504,0.04649,0.2678
147,0,16.25,0.06493,97.84,0.03562,0.04877,0.0905,0.08405,0.09218,39.43,0.25,0.05303,0.1744
148,0,15.85,0.06081,93.97,0.05532,0.02297,0.08487,0.1599,0.07683,21.2,0.3103,0.03114,0.1724
149,0,15.34,0.0558,88.12,0.01329,0.01592,0.02881,0.06019,0.07014,21.47,0.1564,0.0178,0.1473
150,0,14.16,0.06087,83.51,0.02645,0.01142,0.03136,0.06296,0.06435,34.78,0.08112,0.01949,0.254
151,0,9.092,0.08261,53.27,0.02168,0.05416,0.1321,0.07879,0.1486,10.21,0.5381,0.07753,0.2222
152,0,11.02,0.09296,63.78,0.07857,0.09586,0.4108,0.1571,0.1259,49.85,0.8216,0.396,0.2548
153,0,11.99,0.06105,70.87,0.01786,0.008985,0.01982,0.05506,0.06772,15.48,0.07116,0.01196,0.183
154,0,14.77,0.06207,85.31,0.03483,0.02017,0.09293,0.09722,0.08633,22.79,0.3009,0.03047,0.1822
155,0,13.59,0.06228,78.27,0.02331,0.01562,0.03885,0.08211,0.08132,16.51,0.1943,0.01994,0.197
156,1,20.47,0.06166,117.4,0.1054,0.04954,0.1855,0.1515,0.07738,93.91,0.3583,0.05206,0.1971
157,0,18.22,0.05268,108.4,0.02771,0.02661,0.0515,0.08436,0.05972,46.61,0.1882,0.03056,0.1844
158,0,13.14,0.05907,76.84,0.01963,0.009789,0.01972,0.07025,0.07898,13.25,0.08636,0.008342,0.159
159,0,12.36,0.05743,68.69,0.006588,0.006134,0.00309,0.03953,0.07685,18.54,0.01854,0.001835,0.1442
160,0,13.32,0.06453,76.1,0.03738,0.02405,0.06843,0.07909,0.07987,38.34,0.1956,0.04167,0.1993
161,1,22.03,0.05176,126.3,0.09667,0.03055,0.1193,0.1777,0.06251,119.3,0.2264,0.04344,0.1741
162,1,26.73,0.06082,130.7,0.1286,0.02277,0.2508,0.2247,0.09223,97.07,0.681,0.04029,0.2027
163,0,13.58,0.06761,79.85,0.02822,0.03175,0.0537,0.08194,0.09082,21.55,0.1688,0.03125,0.1551
164,1,28.01,0.05553,152.1,0.09702,0.02544,0.1324,0.2346,0.09187,97.85,0.3948,0.02822,0.1801
165,0,15.98,0.05266,95.5,0.01939,0.007983,0.01947,0.05754,0.06085,16.64,0.0775,0.008268,0.1515
166,0,11.6,0.064,68.77,0.01698,0.009816,0.02531,0.04603,0.07699,11.48,0.1047,0.01099,0.1381
167,1,20.05,0.05534,109.3,0.06576,0.0247,0.08422,0.1474,0.07228,67.34,0.2318,0.02626,0.1893
168,1,23.14,0.06365,116.1,0.1043,0.03634,0.2159,0.1721,0.093,122.3,0.489,0.04644,0.1538
169,0,16.11,0.0565,96.22,0.03781,0.0137,0.02602,0.08485,0.06428,24.28,0.06648,0.007276,0.178
170,0,13.5,0.05955,78.85,0.037,0.0118,0.03987,0.09391,0.06771,17.43,0.1242,0.01683,0.1959
171,1,17.98,0.05671,85.84,0.03438,0.01063,0.05858,0.116,0.07371,43.4,0.2644,0.02151,0.1598
172,1,18.79,0.07069,102.5,0.1097,0.02321,0.2032,0.1827,0.101,44.64,0.583,0.04303,0.1966
173,0,11.35,0.06669,70.21,0.02583,0.02121,0.02363,0.04306,0.07313,19.08,0.03938,0.01453,0.1566
174,0,11.54,0.05975,67.49,0.0,0.01017,0.0,0.0,0.06164,21.98,0.0,0.0,0.1928
175,0,9.262,0.06724,54.42,0.0,0.008007,0.0,0.0,0.07848,11.36,0.0,0.0,0.1722
176,0,11.26,0.08116,64.6,0.03716,0.08808,0.1307,0.0991,0.1162,27.48,0.3486,0.1197,0.1669
177,1,17.79,0.06323,109.3,0.08866,0.04094,0.1793,0.2035,0.09519,31.59,0.5862,0.05371,0.1794
178,0,14.0,0.05234,82.01,0.001852,0.002252,0.001595,0.009259,0.05843,14.34,0.007977,0.001595,0.1395
179,0,13.63,0.06133,81.29,0.0133,0.006364,0.009193,0.0399,0.07319,21.79,0.02758,0.00618,0.1466
180,1,33.12,0.0577,182.1,0.1878,0.02537,0.2871,0.2688,0.08082,128.7,0.534,0.03109,0.18
181,1,26.68,0.07398,142.7,0.1496,0.04759,0.2487,0.2903,0.1284,81.46,0.678,0.03872,0.2395
182,1,20.11,0.05549,101.2,0.05189,0.02263,0.06593,0.1541,0.08631,40.98,0.2902,0.01954,0.1618
183,0,12.37,0.06217,73.53,0.02361,0.03728,0.06181,0.06296,0.07427,22.77,0.1648,0.05915,0.1167
184,1,17.8,0.06317,98.92,0.03263,0.01395,0.05375,0.1226,0.09772,19.53,0.363,0.01774,0.1727
185,0,11.87,0.06048,63.76,0.002404,0.012,0.001597,0.01042,0.07697,26.43,0.00692,0.001597,0.1703
186,1,21.31,0.05425,118.6,0.05814,0.009181,0.08169,0.1571,0.06938,28.92,0.3538,0.01412,0.1621
187,0,13.01,0.06095,74.68,0.03239,0.008704,0.03809,0.1099,0.07097,17.86,0.1521,0.01978,0.1516
188,0,12.57,0.0578,75.27,0.01553,0.008776,0.02353,0.04306,0.06576,14.47,0.08803,0.01556,0.1718
189,0,13.35,0.05474,78.83,0.01654,0.02212,0.03844,0.04815,0.06306,18.32,0.1423,0.02117,0.1667
190,1,15.74,0.07542,94.37,0.06618,0.1354,0.1981,0.1772,0.1446,31.72,0.8488,0.1166,0.2384
191,0,13.75,0.06287,82.02,0.02864,0.0179,0.03112,0.04773,0.06871,53.65,0.05186,0.02176,0.1694
192,0,9.968,0.06447,60.73,0.0,0.006736,0.0,0.0,0.06559,21.69,0.0,0.0,0.1653
193,1,15.65,0.06937,81.15,0.04562,0.03845,0.1085,0.1459,0.1205,34.44,0.4425,0.03763,0.1943
194,1,16.08,0.06672,100.4,0.08878,0.05122,0.1697,0.1727,0.08701,25.2,0.4589,0.05551,0.1737
195,0,13.88,0.05667,82.53,0.02377,0.01587,0.03873,0.08235,0.06949,15.75,0.1764,0.02321,0.1829
196,1,16.39,0.06877,90.63,0.06526,0.03348,0.1385,0.1673,0.09333,49.7,0.3809,0.04665,0.1834
197,1,19.76,0.0534,117.4,0.05778,0.05296,0.1103,0.09181,0.06558,76.36,0.2535,0.0611,0.177
198,1,23.36,0.05529,127.5,0.06772,0.03698,0.1114,0.1708,0.09221,54.22,0.3865,0.02706,0.1767
199,1,18.33,0.06466,94.49,0.0598,0.01597,0.118,0.1838,0.1013,19.42,0.4967,0.02,0.195
200,0,14.44,0.06013,78.54,0.04107,0.01779,0.04187,0.108,0.08174,27.24,0.1377,0.01401,0.1979
201,1,20.42,0.05491,115.1,0.07488,0.02569,0.1036,0.1939,0.07867,40.73,0.3508,0.02713,0.1506
202,1,25.12,0.06229,158.9,0.162,0.05121,0.3523,0.2733,0.08762,83.16,0.7892,0.08958,0.22
203,1,19.2,0.07421,91.56,0.09176,0.03108,0.1558,0.2013,0.1086,52.72,0.4646,0.03112,0.2251
204,0,14.97,0.06373,81.09,0.03821,0.01911,0.08005,0.1015,0.0875,30.29,0.2671,0.02701,0.1925
205,1,17.77,0.05986,98.78,0.04079,0.01919,0.0755,0.1252,0.0974,26.44,0.3327,0.02039,0.1594
206,0,10.42,0.06285,62.92,0.01952,0.01249,0.01756,0.05588,0.0738,12.33,0.06213,0.007975,0.1934
207,1,19.8,0.05223,109.7,0.0539,0.01503,0.0695,0.1096,0.06469,68.46,0.1932,0.01946,0.2026
208,0,14.55,0.0731,87.02,0.05102,0.03041,0.08705,0.1126,0.1076,15.09,0.3162,0.02526,0.185
209,0,17.38,0.05526,98.17,0.03157,0.01236,0.05892,0.1035,0.07474,20.0,0.2962,0.01841,0.1359
210,1,23.24,0.05024,134.7,0.09561,0.03611,0.164,0.192,0.05865,111.7,0.3861,0.05489,0.1765
211,0,13.3,0.06057,75.51,0.01393,0.01727,0.02669,0.06913,0.07993,17.12,0.1471,0.02045,0.1533
212,1,28.11,0.05525,188.5,0.1595,0.02772,0.3201,0.1595,0.05525,525.6,0.3201,0.06389,0.1648
213,1,18.07,0.05866,114.5,0.06597,0.08555,0.1682,0.1099,0.06818,58.53,0.2803,0.1438,0.1308
214,1,16.86,0.06433,92.87,0.06462,0.0371,0.1115,0.1772,0.1026,31.0,0.3744,0.03688,0.2235
215,1,15.75,0.06916,90.96,0.05602,0.03438,0.09901,0.1654,0.1059,22.69,0.4636,0.03909,0.2106
216,0,13.25,0.06314,77.32,0.03142,0.04192,0.06636,0.1138,0.08365,21.46,0.2806,0.05946,0.1967
217,0,11.48,0.06315,65.05,0.01071,0.0312,0.05774,0.03571,0.07809,22.79,0.1925,0.05774,0.1964
218,1,25.73,0.05581,129.7,0.08691,0.03169,0.1272,0.182,0.08255,124.4,0.3617,0.03446,0.2094
219,1,27.9,0.05313,128.0,0.06637,0.02644,0.1145,0.1625,0.07568,109.9,0.3995,0.02664,0.1428
220,0,15.34,0.06344,87.88,0.02563,0.01695,0.03888,0.08056,0.08718,17.4,0.1759,0.01652,0.136
221,0,14.98,0.06303,88.59,0.04451,0.02314,0.0786,0.0909,0.08177,21.03,0.2577,0.02544,0.1962
222,0,11.17,0.06908,65.12,0.01915,0.014,0.01768,0.05575,0.08797,15.05,0.06572,0.008534,0.191
223,1,19.56,0.06303,102.6,0.06462,0.02374,0.1147,0.1479,0.1064,32.19,0.3976,0.02384,0.1935
224,0,15.14,0.05674,84.55,0.02456,0.01104,0.03554,0.09678,0.07623,24.68,0.1786,0.02259,0.1496
225,0,16.77,0.05448,92.51,0.04603,0.01428,0.05724,0.1087,0.06072,48.29,0.1632,0.0236,0.2075
226,0,11.52,0.0645,66.62,0.01216,0.008061,0.006643,0.04464,0.08269,11.86,0.02639,0.002817,0.1788
227,0,16.41,0.05907,97.45,0.0378,0.03207,0.06505,0.1379,0.08362,19.88,0.3402,0.03644,0.1881
228,0,14.2,0.06019,81.35,0.02036,0.02294,0.05438,0.118,0.09585,18.51,0.3911,0.03016,0.1514
229,1,15.2,0.07254,85.26,0.06861,0.03858,0.1695,0.1977,0.1243,25.13,0.6282,0.04683,0.2123
230,1,19.59,0.06325,113.4,0.109,0.02008,0.191,0.2543,0.09061,31.98,0.5018,0.03055,0.2131
231,0,12.08,0.05628,71.76,0.003125,0.01647,0.01633,0.02083,0.07087,8.605,0.1089,0.01633,0.1869
232,0,12.36,0.05828,70.79,0.006434,0.006813,0.004967,0.03002,0.07307,15.46,0.02318,0.003223,0.1845
233,1,24.47,0.05592,134.4,0.0834,0.02062,0.1554,0.1563,0.08328,70.01,0.4146,0.03457,0.1448
234,0,10.51,0.06403,60.21,0.01667,0.0104,0.01652,0.07222,0.08178,12.64,0.07161,0.01186,0.1551
235,0,15.33,0.05835,89.79,0.01896,0.01383,0.01462,0.07963,0.07617,22.07,0.06231,0.007302,0.1517
236,1,31.01,0.06309,153.5,0.1237,0.02863,0.195,0.2593,0.08677,155.8,0.582,0.04497,0.1909
237,1,24.22,0.05177,132.5,0.06022,0.03133,0.09042,0.1445,0.07127,83.5,0.3158,0.04257,0.1467
238,0,15.75,0.06129,92.55,0.04408,0.02845,0.1103,0.08219,0.07796,29.96,0.3064,0.0385,0.1342
239,1,22.51,0.05966,113.4,0.08811,0.02785,0.1417,0.2066,0.08496,49.0,0.3241,0.02602,0.1809
240,0,14.85,0.0566,87.38,0.03731,0.01248,0.04705,0.09222,0.0651,27.19,0.1533,0.0181,0.1717
241,0,13.2,0.05754,78.61,0.01108,0.00493,0.01053,0.04052,0.06783,9.006,0.06243,0.006493,0.1546
242,0,12.58,0.07669,73.93,0.02854,0.05914,0.1548,0.1218,0.1297,16.39,0.7436,0.0888,0.2054
243,0,15.01,0.05429,88.54,0.02344,0.02667,0.04697,0.06106,0.06321,39.93,0.1359,0.03371,0.1773
244,1,21.65,0.06,129.1,0.08886,0.03252,0.2049,0.1564,0.07614,60.41,0.3458,0.03915,0.1978
245,0,11.48,0.0644,66.72,0.0307,0.01386,0.04831,0.06736,0.07748,23.22,0.1181,0.01865,0.1737
246,0,13.94,0.05635,84.13,0.01105,0.01569,0.04336,0.0497,0.07198,13.56,0.2298,0.03079,0.1487
247,0,14.39,0.06409,84.95,0.0398,0.05592,0.1374,0.1561,0.1178,16.35,0.7727,0.08158,0.1596
248,0,12.25,0.06329,68.01,0.01615,0.01035,0.02379,0.06136,0.08147,16.64,0.1125,0.01081,0.1897
249,0,12.65,0.06168,73.87,0.02929,0.01228,0.04328,0.09608,0.07809,18.62,0.1804,0.02105,0.1883
250,1,25.58,0.05898,138.9,0.131,0.03908,0.2712,0.2105,0.07849,137.9,0.6991,0.09518,0.2205
251,0,12.97,0.05934,73.28,0.02069,0.01065,0.02638,0.06544,0.06487,26.99,0.08105,0.01245,0.1834
252,1,25.28,0.06697,130.7,0.0974,0.05057,0.2417,0.2507,0.1297,92.81,0.8489,0.068,0.1733
253,1,19.85,0.05613,113.0,0.08353,0.01503,0.1266,0.1857,0.08113,33.63,0.3378,0.02332,0.1813
254,1,25.7,0.05647,126.5,0.08591,0.018,0.1379,0.1999,0.0895,71.0,0.4317,0.02749,0.1776
255,1,16.39,0.0613,91.43,0.05246,0.02679,0.09789,0.1374,0.07957,35.74,0.3209,0.03119,0.1908
256,1,25.05,0.06232,133.6,0.1144,0.04765,0.1784,0.1941,0.1005,106.4,0.4251,0.03863,0.1893
257,1,17.73,0.07596,103.2,0.1242,0.04588,0.2448,0.2229,0.1191,59.46,0.4429,0.04983,0.2398
258,1,19.85,0.08104,110.2,0.1377,0.05995,0.3176,0.2462,0.1019,138.5,0.6181,0.08232,0.2495
259,1,18.49,0.0665,103.7,0.08399,0.02556,0.1751,0.2014,0.1204,23.02,0.5703,0.02889,0.2091
260,1,24.33,0.05572,132.9,0.09333,0.01578,0.1519,0.1697,0.07999,52.34,0.3788,0.02117,0.1814
261,1,19.85,0.05307,111.0,0.02837,0.01106,0.02891,0.08235,0.06515,44.41,0.1211,0.01246,0.1564
262,1,20.39,0.05464,114.4,0.07507,0.05981,0.09697,0.1528,0.07484,90.94,0.2298,0.04638,0.2108
263,1,17.91,0.05443,100.0,0.02847,0.009105,0.04209,0.08568,0.06829,22.18,0.226,0.01311,0.1547
264,1,21.58,0.0558,111.6,0.06527,0.01206,0.09061,0.1984,0.0757,45.42,0.3889,0.02048,0.1867
265,1,32.49,0.05674,135.7,0.08646,0.01478,0.1367,0.1659,0.08218,199.7,0.3442,0.02143,0.1769
266,0,11.88,0.06491,69.28,0.02642,0.03581,0.06387,0.07926,0.07587,27.1,0.1916,0.03354,0.1922
267,0,14.8,0.05859,87.16,0.02142,0.02406,0.04072,0.06189,0.07024,26.76,0.1453,0.03099,0.1635
268,0,13.9,0.05769,82.38,0.01615,0.02178,0.039,0.0578,0.07062,18.24,0.1992,0.02589,0.201
269,0,11.69,0.06862,69.5,0.02867,0.04785,0.08448,0.086,0.08701,20.74,0.2534,0.07339,0.1668
270,0,14.91,0.05376,90.3,0.00625,0.00371,0.00725,0.03333,0.0612,10.77,0.03866,0.004826,0.1508
271,0,12.32,0.0627,72.23,0.02755,0.01122,0.03265,0.0875,0.08022,13.17,0.1275,0.01282,0.1769
272,1,28.19,0.06194,147.3,0.1088,0.0496,0.2195,0.1841,0.08858,156.8,0.5807,0.06329,0.1721
273,0,10.75,0.06312,61.5,0.01407,0.01067,0.01103,0.05159,0.08175,16.39,0.04043,0.008347,0.2081
274,1,20.92,0.0551,115.2,0.04744,0.01169,0.05699,0.1136,0.07948,45.81,0.208,0.01622,0.1538
275,0,12.4,0.05875,76.2,0.07404,0.01489,0.05929,0.08946,0.06033,48.84,0.07153,0.01267,0.2015
276,0,12.2,0.05821,71.79,0.003333,0.008998,0.001487,0.01111,0.06386,17.09,0.004955,0.001487,0.1954
277,1,19.96,0.04996,120.9,0.05843,0.01114,0.0802,0.1294,0.05737,36.74,0.221,0.02623,0.155
278,0,15.5,0.0552,86.24,0.01238,0.005274,0.01997,0.05185,0.06263,22.22,0.106,0.01065,0.1573
279,0,14.98,0.05853,88.99,0.03711,0.01541,0.04479,0.09993,0.06912,19.41,0.1456,0.01457,0.211
280,1,23.72,0.0622,126.2,0.09664,0.02449,0.1921,0.1872,0.0972,69.65,0.5754,0.03988,0.1902
281,0,13.31,0.06113,74.24,0.02763,0.01442,0.02245,0.0829,0.06688,37.83,0.06735,0.01514,0.2101
282,1,23.79,0.05892,127.2,0.09464,0.02199,0.1626,0.2252,0.07787,53.16,0.4316,0.03059,0.1893
283,1,18.55,0.06684,108.8,0.09052,0.03481,0.1948,0.1732,0.1063,28.09,0.5026,0.03872,0.1876
284,0,13.9,0.05935,84.08,0.0339,0.03961,0.1115,0.1017,0.07127,23.29,0.3344,0.07927,0.1432
285,0,13.5,0.05855,79.83,0.002924,0.008008,0.00186,0.008772,0.06431,22.45,0.005579,0.00186,0.1697
286,0,13.24,0.06766,77.87,0.03791,0.05156,0.06574,0.1155,0.09981,21.91,0.2365,0.04387,0.1588
287,0,13.62,0.05581,81.89,0.01171,0.01345,0.0226,0.05366,0.06915,12.68,0.1186,0.01652,0.1337
288,0,11.86,0.06233,73.72,0.05588,0.08262,0.09274,0.09314,0.07009,34.68,0.1546,0.08099,0.2595
289,0,12.36,0.05955,72.17,0.02173,0.01395,0.02399,0.06203,0.06994,17.49,0.07529,0.01376,0.2013
290,0,15.77,0.07192,96.03,0.06602,0.1064,0.1362,0.1021,0.08799,77.11,0.222,0.0996,0.1714
291,0,16.25,0.05852,97.03,0.04819,0.02115,0.0594,0.1489,0.08472,24.87,0.1804,0.01536,0.1879
292,0,13.74,0.0647,83.14,0.0337,0.02003,0.06155,0.1056,0.09584,17.67,0.2241,0.02335,0.173
293,0,13.06,0.05715,75.54,0.0228,0.015,0.02688,0.0914,0.07007,13.88,0.1316,0.01412,0.1875
294,0,13.5,0.061,81.78,0.01924,0.0118,0.01288,0.06343,0.06922,13.38,0.05233,0.006564,0.1638
295,0,14.67,0.05912,88.06,0.01917,0.008153,0.01063,0.05802,0.06794,17.74,0.03732,0.004272,0.1592
296,0,11.37,0.06031,69.14,0.01369,0.01221,0.01236,0.03194,0.06643,11.09,0.02884,0.01072,0.1449
297,1,13.36,0.06287,75.0,0.03515,0.01005,0.02685,0.0716,0.06915,49.11,0.0612,0.01272,0.1619
298,0,16.22,0.05586,91.22,0.01374,0.01377,0.02475,0.0753,0.07676,20.56,0.1565,0.01079,0.1635
299,0,10.93,0.06556,66.85,0.01875,0.01443,0.02495,0.03125,0.06777,20.56,0.04158,0.01861,0.1695
300,1,25.93,0.06552,129.5,0.1062,0.03203,0.2197,0.198,0.09929,133.0,0.6121,0.05638,0.1792
301,0,13.46,0.06249,80.43,0.03099,0.03369,0.0683,0.07625,0.07764,28.32,0.1904,0.04712,0.1781
302,1,23.68,0.07469,134.7,0.128,0.04732,0.2283,0.1923,0.09469,130.8,0.4932,0.07649,0.2249
303,0,11.06,0.066,66.86,0.0178,0.009362,0.02297,0.06528,0.07842,10.08,0.08423,0.01808,0.1482
304,0,12.68,0.06243,73.59,0.01502,0.02652,0.03344,0.05509,0.07638,22.93,0.1226,0.02221,0.1411
305,0,12.44,0.05878,74.23,0.01313,0.02337,0.01974,0.04815,0.06745,18.21,0.07239,0.01596,0.1935
306,0,14.41,0.05894,84.07,0.003261,0.007861,0.001461,0.025,0.08385,15.5,0.0112,0.001128,0.1632
307,0,9.699,0.06833,56.36,0.003472,0.004883,0.003681,0.01389,0.07804,9.789,0.01472,0.003681,0.1788
308,0,14.97,0.05335,85.69,0.004419,0.003746,0.002758,0.0221,0.06192,20.39,0.01379,0.00203,0.1365
309,0,14.73,0.05518,82.71,0.008829,0.004711,0.004559,0.03532,0.0658,33.01,0.01824,0.002831,0.1453
310,0,12.61,0.06128,74.33,0.01148,0.00911,0.01583,0.05741,0.06958,11.28,0.07915,0.01042,0.1936
311,0,16.46,0.05255,92.68,0.01877,0.006021,0.01447,0.05813,0.05695,28.9,0.04746,0.005325,0.1632
312,0,14.19,0.0614,82.29,0.02548,0.02768,0.04052,0.08411,0.08253,25.18,0.1769,0.03137,0.1601
313,0,12.34,0.061,73.73,0.008907,0.0134,0.01367,0.04715,0.07434,9.438,0.08324,0.01003,0.1833
314,0,8.952,0.07359,54.09,0.0,0.01403,0.0,0.0,0.08116,17.81,0.0,0.0,0.2163
315,0,13.34,0.05673,79.19,0.006423,0.003012,0.004473,0.02784,0.06174,12.69,0.01938,0.00262,0.1215
316,0,12.85,0.05649,77.25,0.005051,0.005767,0.01123,0.01852,0.06037,15.82,0.04116,0.01123,0.1673
317,1,21.84,0.05664,118.7,0.0795,0.01659,0.113,0.1776,0.08198,48.9,0.3853,0.02408,0.1807
318,0,10.06,0.08743,60.07,0.04908,0.0659,0.1975,0.1145,0.1055,24.2,0.4609,0.1027,0.233
319,0,12.9,0.05561,78.6,0.01699,0.01079,0.01342,0.02832,0.05932,31.16,0.02237,0.009959,0.1472
320,0,11.28,0.07279,66.52,0.03965,0.04265,0.06726,0.09744,0.09702,22.68,0.1898,0.04004,0.1743
321,1,23.06,0.05096,131.1,0.07726,0.01376,0.1155,0.1425,0.05933,74.85,0.2606,0.02645,0.1928
322,0,14.04,0.06476,82.82,0.034,0.02016,0.038,0.1155,0.08553,16.57,0.1791,0.01902,0.1543
323,1,25.3,0.0667,135.9,0.1504,0.02431,0.2565,0.2685,0.1024,69.06,0.5344,0.0319,0.2569
324,0,13.75,0.06129,78.01,0.01692,0.01418,0.01994,0.05556,0.07961,19.01,0.1167,0.01051,0.1638
325,0,13.71,0.05984,81.25,0.02107,0.009514,0.03193,0.05602,0.06888,17.61,0.102,0.01329,0.1707
326,0,15.53,0.057,90.03,0.02733,0.01132,0.01765,0.0589,0.07083,23.92,0.05307,0.005717,0.1373
327,0,13.07,0.0607,76.09,0.005592,0.006887,0.001546,0.02796,0.07037,16.97,0.007732,0.001184,0.1382
328,1,19.28,0.06277,106.9,0.08488,0.02083,0.1478,0.1583,0.082,44.41,0.3597,0.03248,0.1948
329,1,17.73,0.06532,107.5,0.07981,0.03756,0.1799,0.1047,0.07953,57.72,0.3344,0.05839,0.1869
330,1,18.76,0.05976,105.8,0.07041,0.03245,0.1204,0.1981,0.09124,33.27,0.4956,0.03715,0.1782
331,0,14.42,0.0654,84.52,0.0295,0.03255,0.07107,0.09858,0.09166,20.65,0.3439,0.04393,0.1761
332,0,11.98,0.06028,71.94,0.007583,0.01104,0.005006,0.02022,0.06522,19.62,0.01335,0.003297,0.194
333,0,12.76,0.06081,71.38,0.002941,0.007124,0.0009737,0.01667,0.07418,15.07,0.005518,0.0009737,0.1773
334,0,13.35,0.05945,77.88,0.008535,0.008432,0.007756,0.03983,0.07207,13.24,0.03619,0.007004,0.1539
335,1,20.99,0.06071,111.8,0.09934,0.01797,0.1508,0.1827,0.07599,87.17,0.392,0.04502,0.1727
336,0,13.72,0.07238,84.08,0.02098,0.02305,0.03738,0.0585,0.1009,14.41,0.145,0.03113,0.1652
337,1,24.54,0.06083,122.9,0.0609,0.03897,0.106,0.2048,0.0987,88.25,0.4634,0.03914,0.1953
338,0,11.16,0.06331,64.41,0.01775,0.01449,0.02511,0.06499,0.07664,16.85,0.1055,0.0169,0.189
339,1,30.67,0.05506,155.1,0.141,0.01971,0.2308,0.2089,0.07738,164.1,0.4819,0.03582,0.1797
340,0,16.67,0.06412,94.15,0.04223,0.03053,0.08007,0.1414,0.08764,32.14,0.3755,0.0384,0.1912
341,0,10.75,0.07125,61.64,0.02292,0.03471,0.08422,0.0812,0.09825,12.07,0.4341,0.05028,0.2036
342,0,11.92,0.06907,71.49,0.03341,0.01877,0.05397,0.1075,0.0908,10.8,0.2299,0.02758,0.1776
343,1,22.75,0.05715,129.9,0.1103,0.03368,0.1863,0.2255,0.07918,67.66,0.4734,0.04345,0.2082
344,0,13.06,0.06506,75.03,0.0325,0.01097,0.04006,0.07864,0.07806,24.53,0.1087,0.01651,0.2009
345,0,10.88,0.07005,66.2,0.02037,0.04671,0.03581,0.04074,0.08488,19.33,0.07162,0.02611,0.1633
346,0,13.64,0.06048,76.66,0.008488,0.01096,0.00751,0.05093,0.08083,18.02,0.04506,0.005832,0.1555
347,0,17.27,0.05912,94.87,0.03528,0.01506,0.04608,0.1251,0.08187,29.06,0.2151,0.01855,0.1521
348,0,12.51,0.06372,73.02,0.02322,0.008548,0.02587,0.06548,0.08763,12.25,0.09823,0.0094,0.1634
349,0,12.81,0.06581,77.23,0.01787,0.02417,0.01171,0.04766,0.0759,26.65,0.03122,0.007816,0.2459
350,0,13.28,0.05731,73.7,0.01162,0.006991,0.008306,0.04262,0.06825,26.03,0.03046,0.005949,0.1671
351,1,17.36,0.07603,107.1,0.1242,0.06559,0.2914,0.2135,0.105,51.22,0.6872,0.09953,0.2375
352,1,33.13,0.06121,174.2,0.1913,0.04243,0.3368,0.2756,0.08815,153.1,0.6451,0.04266,0.1956
353,1,18.51,0.06464,98.0,0.06553,0.02431,0.1235,0.1526,0.09438,63.37,0.4029,0.04912,0.1647
354,0,12.12,0.06083,71.24,0.01471,0.03387,0.04505,0.03922,0.07018,28.84,0.1201,0.04505,0.169
355,0,13.37,0.06184,81.92,0.04391,0.04235,0.103,0.09265,0.07188,27.49,0.2388,0.06271,0.1533
356,0,14.19,0.06501,85.09,0.05603,0.03932,0.09603,0.1258,0.08317,21.57,0.2573,0.05112,0.2035
357,0,15.11,0.05883,88.52,0.02088,0.007939,0.01502,0.05556,0.07113,20.74,0.05285,0.005254,0.1424
358,0,9.981,0.06621,56.74,0.02381,0.02899,0.04721,0.04762,0.07431,30.18,0.09441,0.03214,0.193
359,0,12.02,0.06959,59.82,0.01406,0.008982,0.0271,0.05052,0.08136,30.48,0.1144,0.02348,0.1506
360,0,13.72,0.05185,79.42,0.005449,0.004693,0.001194,0.01635,0.05521,28.3,0.003581,0.0007929,0.1528
361,0,14.2,0.05696,85.24,0.02424,0.02045,0.03344,0.05614,0.06658,20.98,0.1212,0.01795,0.1815
362,0,13.75,0.06183,81.87,0.01781,0.01646,0.02688,0.08312,0.07238,17.26,0.1255,0.01529,0.1759
363,0,18.13,0.05593,106.6,0.04835,0.01805,0.05862,0.09123,0.06469,33.58,0.1663,0.01832,0.1495
364,0,14.73,0.05701,85.48,0.01473,0.0125,0.02181,0.06987,0.07582,13.22,0.1364,0.01451,0.165
365,1,24.31,0.05557,133.8,0.07785,0.01906,0.09799,0.1765,0.06735,72.44,0.2702,0.02375,0.1618
366,1,24.19,0.0602,133.7,0.1265,0.04674,0.1641,0.2152,0.07632,103.6,0.3703,0.05904,0.1875
367,0,14.29,0.05916,78.31,0.02027,0.01388,0.04392,0.08829,0.0747,18.57,0.2413,0.02,0.1695
368,1,30.75,0.05054,140.9,0.08465,0.01112,0.1168,0.182,0.06494,224.1,0.2861,0.02096,0.1717
369,1,27.66,0.0614,147.2,0.1501,0.02821,0.2448,0.2432,0.08574,130.2,0.4756,0.03576,0.1824
370,1,19.38,0.06218,109.0,0.08773,0.03917,0.1811,0.2248,0.09614,45.5,0.7087,0.06072,0.2175
371,0,16.2,0.05544,97.65,0.02657,0.01485,0.03393,0.08178,0.06766,17.72,0.1362,0.01551,0.1721
372,1,22.69,0.06183,141.3,0.1255,0.02675,0.1932,0.1966,0.08666,39.06,0.4024,0.03437,0.1973
373,1,25.37,0.05478,134.8,0.08941,0.01895,0.1527,0.2112,0.07055,77.02,0.4159,0.02681,0.1571
374,0,14.84,0.05669,87.84,0.02031,0.01587,0.02556,0.06987,0.07701,14.0,0.1346,0.01169,0.1872
375,0,16.97,0.06572,106.3,0.05397,0.01812,0.06651,0.1251,0.0896,14.91,0.2114,0.01951,0.199
376,0,10.85,0.0845,70.15,0.05941,0.07643,0.228,0.1465,0.12,7.228,0.603,0.1535,0.2188
377,0,14.69,0.05763,85.89,0.01117,0.01203,0.01271,0.05781,0.07061,14.91,0.07934,0.007508,0.1421
378,0,14.54,0.05897,88.27,0.02471,0.02984,0.04249,0.1054,0.09638,11.35,0.2569,0.02443,0.1792
379,1,13.24,0.0795,73.3,0.06367,0.04549,0.1689,0.2524,0.1403,13.99,0.8402,0.04588,0.2196
380,0,12.84,0.06914,73.16,0.0555,0.01777,0.079,0.1318,0.09215,16.04,0.2247,0.02101,0.2018
381,0,12.09,0.06246,70.67,0.02074,0.01903,0.03546,0.06754,0.07287,11.68,0.1553,0.01723,0.2003
382,0,12.57,0.06659,78.75,0.02978,0.0456,0.07943,0.1092,0.09349,9.549,0.2912,0.04305,0.1203
383,0,14.18,0.06588,80.64,0.0288,0.03705,0.05892,0.09804,0.1118,19.2,0.3206,0.04757,0.1779
384,0,14.24,0.05594,85.79,0.02864,0.02073,0.05077,0.09173,0.0732,15.26,0.2866,0.02828,0.1617
385,1,15.79,0.05416,93.97,0.05271,0.01742,0.0839,0.1359,0.06836,33.01,0.2675,0.03389,0.1627
386,0,13.13,0.06154,78.78,0.02534,0.03026,0.06839,0.0914,0.08824,19.96,0.3076,0.04344,0.1646
387,0,15.51,0.05474,88.37,0.008507,0.01415,0.02045,0.04537,0.06623,23.12,0.1091,0.01988,0.1607
388,0,12.04,0.07252,73.38,0.02757,0.06669,0.1007,0.08272,0.1043,22.97,0.3021,0.09472,0.181
389,1,20.82,0.05884,128.9,0.1021,0.04097,0.1856,0.1825,0.07602,70.1,0.3829,0.07469,0.1989
390,0,11.38,0.06569,65.75,0.01968,0.01365,0.01923,0.06696,0.07722,11.88,0.08615,0.008496,0.18
391,0,10.17,0.07098,55.27,0.0,0.01966,0.0,0.0,0.08865,28.85,0.0,0.0,0.1985
392,1,21.2,0.06744,102.4,0.09113,0.02928,0.1891,0.2121,0.1019,66.91,0.5553,0.04972,0.1929
393,1,26.23,0.06606,144.4,0.1562,0.03726,0.281,0.2422,0.1007,80.99,0.7053,0.04718,0.2162
394,0,13.56,0.06161,78.07,0.03326,0.01631,0.04783,0.06266,0.07081,22.22,0.1603,0.01843,0.1937
395,0,14.92,0.05764,89.75,0.03251,0.01273,0.02681,0.07911,0.06609,12.67,0.0846,0.01132,0.1641
396,0,14.8,0.06079,88.1,0.05381,0.01957,0.0858,0.1453,0.07686,19.29,0.3438,0.03304,0.1806
397,0,13.74,0.0575,83.05,0.04083,0.03477,0.0739,0.08296,0.07053,30.57,0.1901,0.04545,0.1574
398,0,12.68,0.06214,70.31,0.007246,0.01469,0.02712,0.05556,0.09158,12.98,0.2079,0.0194,0.1535
399,0,13.45,0.06019,75.26,0.01638,0.01964,0.02853,0.05356,0.08121,25.06,0.1449,0.02079,0.1847
400,1,20.8,0.07115,124.4,0.1198,0.03718,0.3189,0.1964,0.1198,41.51,0.9034,0.06165,0.2113
401,0,13.8,0.05541,76.14,0.01796,0.01204,0.02606,0.06876,0.07262,18.95,0.1514,0.01376,0.1601
402,0,14.13,0.05899,84.18,0.01883,0.03713,0.04057,0.06608,0.07247,20.21,0.1604,0.03452,0.1874
403,0,13.86,0.062,83.18,0.0239,0.01285,0.03296,0.08388,0.07834,11.36,0.181,0.01613,0.1735
404,0,13.18,0.05708,78.29,0.02054,0.008491,0.02109,0.04793,0.05974,30.15,0.04921,0.01307,0.1571
405,0,12.4,0.06615,70.39,0.02932,0.02134,0.04944,0.07887,0.07732,25.78,0.1412,0.0199,0.1486
406,0,17.71,0.05875,104.3,0.04528,0.01246,0.055,0.1129,0.07012,21.83,0.231,0.01831,0.1735
407,0,14.4,0.06114,82.63,0.01867,0.0448,0.06126,0.05601,0.08151,41.24,0.1838,0.05175,0.158
408,1,21.08,0.06069,117.8,0.08824,0.02772,0.1201,0.1974,0.08503,49.81,0.3301,0.02509,0.1992
409,0,14.1,0.05597,78.41,0.02653,0.0231,0.03211,0.09532,0.06896,25.79,0.1377,0.02059,0.1966
410,0,13.05,0.05913,72.49,0.021,0.009947,0.02783,0.08698,0.07745,13.66,0.1811,0.01163,0.1601
411,0,12.41,0.0634,70.92,0.0248,0.009355,0.03046,0.07431,0.07881,13.54,0.1067,0.01056,0.1714
412,0,9.965,0.06724,59.75,0.005128,0.02674,0.03735,0.02564,0.09206,6.802,0.1868,0.03735,0.1274
413,0,16.76,0.05913,97.53,0.03876,0.02808,0.06859,0.1308,0.09251,28.51,0.3114,0.03312,0.1944
414,1,17.26,0.05294,96.71,0.02739,0.01427,0.04686,0.06575,0.06165,45.38,0.1547,0.02489,0.1852
415,0,13.05,0.0629,76.39,0.02179,0.03053,0.02555,0.08263,0.07351,19.53,0.1164,0.0163,0.2019
416,0,10.85,0.06601,59.6,0.01257,0.01674,0.02047,0.0377,0.08304,25.17,0.06141,0.01367,0.2025
417,1,23.17,0.06864,102.9,0.08481,0.03889,0.1522,0.2134,0.1048,176.5,0.4211,0.04493,0.2085
418,0,13.65,0.06275,80.88,0.02402,0.01263,0.0236,0.08224,0.09464,17.37,0.09385,0.009075,0.1583
419,0,12.36,0.06144,70.95,0.01076,0.009442,0.008955,0.04306,0.07123,18.99,0.03582,0.006972,0.1615
420,0,13.07,0.06267,74.2,0.01428,0.02047,0.05485,0.06664,0.08284,20.3,0.256,0.04447,0.2031
421,0,16.46,0.07406,98.22,0.063,0.05244,0.145,0.1108,0.09208,49.45,0.3219,0.05278,0.2086
422,0,12.64,0.0632,75.46,0.04497,0.02005,0.07097,0.1105,0.07427,15.89,0.2302,0.02631,0.1886
423,0,15.14,0.06181,89.46,0.04812,0.02809,0.09657,0.1407,0.08839,19.36,0.366,0.03669,0.1848
424,0,11.21,0.07029,61.93,0.01967,0.01885,0.008934,0.04589,0.08009,43.52,0.02085,0.006021,0.2538
425,0,11.11,0.06439,63.19,0.005159,0.005697,0.00247,0.02579,0.08061,11.6,0.01235,0.002074,0.163
426,0,12.13,0.06915,67.49,0.02218,0.03867,0.06335,0.0931,0.09646,20.77,0.2939,0.05263,0.1925
427,0,12.76,0.05977,68.79,0.01404,0.02148,0.03614,0.07485,0.07662,20.2,0.1927,0.02991,0.2016
428,0,11.68,0.06148,70.47,0.0137,0.006263,0.01369,0.04044,0.07083,9.704,0.0458,0.009398,0.1511
429,0,13.82,0.05544,80.98,0.01835,0.01174,0.01402,0.03612,0.06025,23.24,0.03469,0.005383,0.1459
430,1,16.35,0.06898,102.1,0.09711,0.06213,0.2733,0.2475,0.1155,24.19,0.9019,0.07926,0.2041
431,0,12.88,0.07102,81.47,0.02799,0.03295,0.07741,0.0737,0.09359,15.43,0.2403,0.04861,0.1811
432,1,22.03,0.06053,133.8,0.1259,0.02715,0.2133,0.2173,0.08075,52.49,0.5308,0.05546,0.1724
433,1,22.66,0.06132,123.7,0.08744,0.04088,0.1594,0.1708,0.08314,103.9,0.3912,0.05321,0.1943
434,0,16.31,0.05703,94.89,0.02877,0.01665,0.03346,0.07971,0.06827,23.92,0.122,0.01461,0.1573
435,1,17.04,0.06544,91.12,0.06463,0.01791,0.1126,0.1827,0.1055,18.85,0.4069,0.02185,0.1669
436,0,14.45,0.06347,82.67,0.0209,0.01362,0.01797,0.06384,0.07735,26.5,0.07127,0.007066,0.1861
437,0,15.66,0.05898,89.78,0.02944,0.01295,0.03534,0.07453,0.07234,32.74,0.1117,0.01608,0.1714
438,0,15.63,0.05673,88.68,0.02293,0.01095,0.01342,0.0589,0.06911,29.63,0.04753,0.005812,0.1555
439,0,14.91,0.05586,89.59,0.02652,0.009238,0.02087,0.08216,0.0671,19.25,0.0626,0.009213,0.1589
440,0,12.36,0.0664,71.73,0.03613,0.04638,0.09457,0.1555,0.09532,18.15,0.4779,0.0643,0.1489
441,1,20.38,0.05407,112.4,0.05736,0.04308,0.1204,0.1739,0.07944,58.38,0.5036,0.04942,0.1467
442,0,15.27,0.05848,88.37,0.009937,0.01156,0.01055,0.03312,0.0681,29.34,0.03517,0.007741,0.1405
443,0,10.94,0.05768,66.82,0.01111,0.01331,0.01993,0.02222,0.06736,13.12,0.03986,0.01993,0.2372
444,1,20.38,0.0578,117.5,0.06254,0.0156,0.109,0.1535,0.08225,35.77,0.429,0.02975,0.172
445,0,12.98,0.0685,77.61,0.04274,0.02025,0.05441,0.1202,0.08251,19.39,0.1609,0.02334,0.182
446,1,21.53,0.05916,117.3,0.08293,0.02015,0.1698,0.197,0.09075,43.95,0.6399,0.03697,0.1713
447,0,16.43,0.05886,95.88,0.0226,0.01171,0.04069,0.08308,0.07285,19.75,0.206,0.01758,0.1893
448,0,16.3,0.05746,94.25,0.02925,0.02048,0.08817,0.09594,0.07463,23.04,0.3779,0.03379,0.1473
449,1,25.68,0.05661,138.1,0.1155,0.02075,0.1572,0.228,0.07425,81.89,0.4399,0.03185,0.1554
450,0,12.79,0.06612,76.83,0.02386,0.06063,0.08777,0.0875,0.09952,20.24,0.3218,0.06663,0.1349
451,1,21.44,0.05391,127.7,0.09063,0.01929,0.1655,0.1466,0.06091,56.18,0.3977,0.04907,0.1663
452,0,13.09,0.06104,76.77,0.01945,0.02589,0.04055,0.07116,0.08194,13.86,0.1811,0.02941,0.1615
453,0,15.8,0.06121,93.86,0.06495,0.01251,0.06895,0.1069,0.0781,25.7,0.1373,0.01615,0.165
454,0,14.34,0.05826,80.62,0.02272,0.008539,0.02966,0.09851,0.0733,13.32,0.1887,0.01256,0.1799
455,0,15.05,0.06016,86.34,0.03264,0.01246,0.02819,0.07763,0.07675,28.93,0.07003,0.007936,0.1375
456,0,13.12,0.06166,74.87,0.02017,0.02418,0.0716,0.06835,0.0722,23.13,0.2923,0.04275,0.1799
457,0,14.35,0.05584,84.1,0.02068,0.008082,0.02772,0.06005,0.06788,17.58,0.139,0.0151,0.1619
458,0,14.34,0.05449,82.61,0.01762,0.008974,0.01206,0.05921,0.06291,21.19,0.04462,0.005681,0.1667
459,0,10.67,0.05952,61.68,0.01043,0.0127,0.01541,0.04866,0.07211,11.28,0.0719,0.0145,0.1621
460,1,22.96,0.06281,111.2,0.06431,0.02219,0.1007,0.1555,0.0906,115.2,0.2639,0.02721,0.1793
461,1,36.04,0.05623,186.9,0.1689,0.05374,0.3635,0.2625,0.07427,542.2,0.6833,0.08055,0.2061
462,0,15.4,0.05433,92.25,0.01737,0.01679,0.03476,0.05563,0.06464,20.52,0.1472,0.01971,0.1707
463,0,12.77,0.05859,73.88,0.01777,0.01701,0.03367,0.08288,0.07863,12.89,0.186,0.0208,0.1516
464,0,14.9,0.05549,84.28,0.0287,0.01493,0.04859,0.1045,0.06925,16.89,0.1876,0.01564,0.1454
465,0,15.44,0.06432,86.87,0.02833,0.06657,0.101,0.1357,0.1249,23.81,0.6556,0.07683,0.1601
466,0,14.8,0.0602,85.98,0.0351,0.03179,0.1085,0.1181,0.08174,27.4,0.4504,0.04615,0.1562
467,0,11.15,0.06412,61.06,0.005769,0.01257,0.01479,0.025,0.07875,20.98,0.06409,0.01031,0.168
468,1,21.57,0.07369,119.0,0.1002,0.07025,0.2136,0.1996,0.1224,104.9,0.5165,0.06591,0.1696
469,0,13.36,0.07255,76.38,0.05564,0.03206,0.102,0.1416,0.0927,27.85,0.3186,0.04961,0.1957
470,0,11.14,0.06413,61.49,0.01514,0.01989,0.02948,0.0656,0.08524,22.73,0.1277,0.02714,0.2238
471,0,13.6,0.05698,76.85,0.02377,0.01555,0.02367,0.05547,0.06639,44.96,0.05524,0.01465,0.1854
472,0,17.18,0.05669,96.45,0.03221,0.0177,0.05539,0.1147,0.08273,23.31,0.3151,0.0231,0.1687
473,0,13.45,0.0596,77.42,0.0,0.008243,0.0,0.0,0.06743,35.13,0.0,0.0,0.1701
474,0,11.94,0.06837,70.41,0.01571,0.03093,0.05115,0.07966,0.108,9.597,0.3365,0.02757,0.1861
475,0,14.09,0.05913,82.89,0.03078,0.01796,0.05835,0.09783,0.07802,11.64,0.3476,0.03318,0.1705
476,0,16.45,0.06009,92.41,0.03058,0.03288,0.05063,0.1339,0.07858,31.01,0.2512,0.02821,0.1506
477,0,15.14,0.05536,88.97,0.01339,0.01315,0.02224,0.06222,0.07698,14.03,0.1384,0.009904,0.1813
478,0,12.4,0.06574,73.99,0.01969,0.02114,0.05308,0.07431,0.0918,14.34,0.2596,0.04156,0.1779
479,1,17.39,0.06578,109.8,0.09194,0.0547,0.2236,0.1775,0.09136,33.12,0.5897,0.08079,0.2151
480,0,13.34,0.06284,78.29,0.01527,0.01666,0.02916,0.0569,0.07729,16.26,0.162,0.01397,0.1464
481,0,16.41,0.05594,88.73,0.0207,0.01082,0.02995,0.0815,0.07603,28.41,0.1673,0.0153,0.1579
482,0,14.83,0.06639,87.32,0.05266,0.01452,0.05786,0.1335,0.09326,12.84,0.1848,0.01334,0.1779
483,0,14.96,0.06088,87.76,0.0316,0.008186,0.04548,0.09077,0.0696,20.64,0.1742,0.01698,0.1732
484,0,17.01,0.06259,102.8,0.06211,0.0182,0.1191,0.1452,0.08181,13.87,0.4004,0.03336,0.1784
485,0,13.78,0.07325,82.85,0.04846,0.07471,0.1544,0.1342,0.1034,30.19,0.4896,0.1114,0.2082
486,0,16.46,0.05355,94.21,0.02791,0.01393,0.05192,0.07828,0.06596,19.98,0.2437,0.018,0.1409
487,1,23.96,0.06115,128.1,0.1194,0.02833,0.2256,0.206,0.09009,67.74,0.5936,0.04256,0.1823
488,0,13.32,0.06401,75.49,0.03132,0.01292,0.04279,0.09815,0.08024,27.57,0.149,0.01851,0.1853
489,1,19.18,0.05325,107.1,0.02307,0.01446,0.03649,0.08737,0.07623,22.95,0.2477,0.01423,0.1846
490,0,14.17,0.05976,78.18,0.01261,0.01205,0.01714,0.06335,0.08203,18.04,0.123,0.00941,0.1544
491,0,19.82,0.05243,114.6,0.04178,0.008274,0.04445,0.08341,0.05871,50.95,0.1048,0.01153,0.122
492,1,21.53,0.06077,118.4,0.07762,0.027,0.117,0.1489,0.07625,89.74,0.2544,0.03737,0.2116
493,0,13.19,0.06013,78.83,0.01149,0.01003,0.007173,0.0268,0.07028,24.6,0.01674,0.006416,0.1613
494,0,14.5,0.05888,84.06,0.01256,0.02052,0.018,0.04195,0.07429,26.07,0.07698,0.01341,0.1713
495,0,16.01,0.05748,96.12,0.04951,0.01371,0.06824,0.1017,0.06599,21.84,0.17,0.02153,0.1487
496,0,14.38,0.06854,82.69,0.05074,0.02502,0.08017,0.1407,0.1033,18.4,0.3582,0.02636,0.1641
497,0,14.06,0.06046,80.45,0.02369,0.01371,0.03609,0.1053,0.07661,11.91,0.2028,0.01346,0.1526
498,1,22.75,0.06697,121.3,0.09183,0.03214,0.1491,0.1663,0.09445,95.77,0.3533,0.04435,0.1832
499,1,23.86,0.06222,137.8,0.1121,0.02791,0.2188,0.2113,0.08999,75.09,0.5179,0.04062,0.1848
500,0,16.76,0.06869,98.73,0.06142,0.01819,0.07721,0.1018,0.08549,34.84,0.1856,0.01996,0.1668
501,1,16.01,0.07237,92.33,0.06759,0.03856,0.1357,0.1521,0.1183,39.05,0.3381,0.03476,0.2275
502,0,13.57,0.06612,81.25,0.03279,0.01567,0.05928,0.08411,0.07538,18.49,0.1889,0.02575,0.1943
503,1,30.79,0.05484,152.1,0.1003,0.03356,0.1676,0.2264,0.07277,180.2,0.3794,0.03976,0.1505
504,0,10.28,0.09502,61.49,0.05252,0.04542,0.0973,0.1025,0.1252,20.04,0.2099,0.03483,0.2378
505,0,10.6,0.09575,64.12,0.07038,0.04888,0.1188,0.1075,0.1364,17.67,0.2913,0.05189,0.2057
506,0,13.16,0.06894,79.47,0.02166,0.02198,0.08175,0.08088,0.08839,12.58,0.3535,0.03966,0.2124
507,0,11.69,0.07976,71.25,0.04268,0.02348,0.04063,0.09514,0.1168,12.3,0.1256,0.018,0.1954
508,0,17.32,0.05657,104.7,0.04563,0.01203,0.05526,0.1357,0.0723,20.67,0.1947,0.0247,0.1711
509,1,17.11,0.07083,103.8,0.0852,0.0494,0.203,0.2163,0.1067,32.52,0.5911,0.06019,0.1807
510,0,12.45,0.06758,76.31,0.02639,0.03916,0.06726,0.1056,0.09879,13.04,0.269,0.04017,0.1499
511,0,15.61,0.05348,94.66,0.02541,0.01197,0.03416,0.07955,0.06142,20.72,0.1101,0.01482,0.1659
512,1,16.41,0.07325,88.64,0.08172,0.02265,0.1445,0.2051,0.1109,33.67,0.5106,0.03452,0.2116
513,0,16.76,0.0564,94.29,0.04349,0.01812,0.08222,0.09186,0.07048,37.11,0.2492,0.03035,0.1739
514,1,17.58,0.05915,97.26,0.04335,0.0163,0.07486,0.112,0.06954,38.49,0.2866,0.02967,0.1561
515,0,12.47,0.06211,72.76,0.02594,0.01641,0.04302,0.08542,0.06783,18.19,0.1624,0.02099,0.1927
516,1,21.86,0.05941,120.8,0.09451,0.01877,0.1569,0.151,0.07863,67.36,0.3759,0.02913,0.186
517,1,23.73,0.06188,130.5,0.09431,0.02303,0.1411,0.1613,0.09136,59.7,0.4185,0.03052,0.1802
518,0,15.05,0.07253,84.45,0.05303,0.02329,0.04825,0.1096,0.08893,34.37,0.1246,0.01405,0.1709
519,0,14.45,0.06623,82.51,0.02995,0.01561,0.0388,0.08045,0.08557,28.62,0.1423,0.01977,0.212
520,0,10.57,0.07696,59.96,0.02421,0.0254,0.03332,0.07262,0.08982,19.63,0.09996,0.02197,0.2197
521,1,29.92,0.06739,165.5,0.1471,0.03212,0.231,0.2475,0.09671,139.9,0.4658,0.03571,0.1991
522,0,11.93,0.06343,71.3,0.005664,0.0059,0.005067,0.02832,0.07613,9.332,0.02533,0.003846,0.1637
523,0,15.11,0.06843,88.73,0.03783,0.02251,0.05385,0.1284,0.09031,26.45,0.1935,0.02086,0.1714
524,0,11.24,0.06891,63.0,0.02416,0.02042,0.0233,0.06528,0.09209,15.24,0.08434,0.01062,0.1387
525,0,9.473,0.07126,54.53,0.0151,0.01762,0.02565,0.08512,0.1049,7.254,0.1754,0.01801,0.1678
526,0,15.35,0.06317,87.44,0.03152,0.01443,0.04201,0.1427,0.08665,16.07,0.2654,0.01509,0.1723
527,0,13.61,0.05808,78.94,0.02647,0.009169,0.02958,0.107,0.07592,8.955,0.1791,0.008732,0.1689
528,0,14.62,0.06457,90.31,0.06615,0.03247,0.101,0.1015,0.07253,44.74,0.1559,0.04763,0.1976
529,0,13.45,0.06608,77.83,0.02798,0.01153,0.03781,0.07393,0.08052,18.54,0.1622,0.01798,0.1657
530,0,13.5,0.06677,75.89,0.0444,0.01815,0.05282,0.101,0.07757,30.66,0.1366,0.01737,0.1598
531,0,13.35,0.06461,75.21,0.02157,0.01727,0.042,0.0812,0.0895,15.34,0.2758,0.0184,0.1859
532,0,15.85,0.06155,87.76,0.0188,0.007228,0.01752,0.08704,0.07782,17.25,0.1206,0.007078,0.1631
533,1,23.23,0.05419,134.7,0.1015,0.03089,0.1523,0.1613,0.06386,100.4,0.3092,0.04093,0.2166
534,0,11.62,0.06408,70.79,0.02788,0.03378,0.05263,0.09861,0.08278,10.09,0.2123,0.04401,0.1619
535,1,24.3,0.06251,137.8,0.1322,0.02616,0.2085,0.2148,0.07569,87.78,0.4433,0.04005,0.2127
536,1,15.29,0.05982,93.77,0.06139,0.02583,0.1463,0.1362,0.08351,18.54,0.4234,0.04645,0.1926
537,0,12.98,0.07405,76.37,0.04531,0.03495,0.04515,0.1308,0.0997,20.95,0.1395,0.01865,0.2131
538,0,9.077,0.07285,47.98,0.0,0.009692,0.0,0.0,0.09938,19.14,0.0,0.0,0.187
539,0,8.678,0.07751,48.34,0.01364,0.06457,0.09252,0.05,0.1066,11.73,0.3393,0.09252,0.2037
540,0,12.26,0.06782,74.65,0.02594,0.04112,0.06737,0.06918,0.08134,20.86,0.1797,0.05553,0.1818
541,0,16.22,0.06341,95.81,0.0389,0.04653,0.1009,0.1205,0.1023,23.11,0.404,0.03829,0.1872
542,0,16.51,0.0568,94.7,0.03027,0.01172,0.04105,0.1095,0.06956,27.41,0.1611,0.01947,0.184
543,0,14.37,0.05781,84.88,0.03275,0.01372,0.02987,0.07958,0.06443,17.85,0.1062,0.01498,0.1628
544,0,15.05,0.06688,89.77,0.02369,0.02172,0.03688,0.06845,0.08492,23.12,0.1377,0.02615,0.162
545,0,15.35,0.05801,87.19,0.02443,0.02099,0.02974,0.07174,0.06953,31.24,0.1049,0.02021,0.1664
546,0,11.25,0.06201,65.31,0.005495,0.007247,0.01012,0.02381,0.07399,12.97,0.04384,0.01012,0.1885
547,0,10.83,0.06714,65.85,0.02438,0.03084,0.04358,0.08333,0.09479,7.326,0.1783,0.02613,0.1669
548,0,10.93,0.06235,61.05,0.009615,0.01123,0.02337,0.03846,0.0792,18.24,0.0935,0.02337,0.158
549,0,13.03,0.06328,68.89,0.00816,0.0187,0.01548,0.03264,0.07626,33.0,0.06194,0.01277,0.1976
550,0,11.66,0.05948,68.51,0.0,0.01104,0.0,0.0,0.06592,20.67,0.0,0.0,0.1661
551,0,12.02,0.06552,71.49,0.02257,0.03051,0.04824,0.06413,0.08032,17.85,0.1564,0.03445,0.203
552,0,13.87,0.05637,81.35,0.01499,0.01233,0.01997,0.06498,0.06484,18.76,0.08653,0.01328,0.1539
553,0,9.845,0.06576,59.01,0.01282,0.01834,0.03996,0.02564,0.07393,17.86,0.07993,0.03996,0.1692
554,0,13.89,0.05708,82.5,0.02343,0.02153,0.06195,0.06493,0.07242,16.83,0.2439,0.03898,0.1566
555,0,10.84,0.06127,65.67,0.02738,0.02736,0.05999,0.09127,0.08283,14.46,0.2,0.04804,0.1593
556,0,10.65,0.06331,64.73,0.01116,0.02222,0.005025,0.02232,0.06742,16.8,0.01005,0.004174,0.1791
557,0,10.49,0.06059,59.26,0.0,0.01124,0.0,0.0,0.06969,29.11,0.0,0.0,0.1742
558,0,15.48,0.06147,96.39,0.03736,0.04639,0.1029,0.1105,0.08004,19.54,0.3662,0.06578,0.1454
559,0,12.48,0.0657,74.52,0.04105,0.02982,0.1112,0.09653,0.08732,16.97,0.363,0.05738,0.1388
560,0,15.3,0.06171,91.38,0.04304,0.02678,0.04462,0.1048,0.08321,29.84,0.1326,0.02071,0.1537
561,0,11.92,0.05502,70.67,0.0,0.008878,0.0,0.0,0.05905,22.81,0.0,0.0,0.106
562,1,17.52,0.07152,103.4,0.09429,0.04844,0.255,0.2356,0.1409,22.65,1.17,0.07359,0.2128
563,1,24.29,0.06879,143.0,0.1474,0.0431,0.3174,0.2542,0.09873,118.8,0.6599,0.07845,0.2149
564,1,25.45,0.05623,142.0,0.1389,0.02891,0.2439,0.2216,0.07115,158.7,0.4107,0.05198,0.1726
565,1,23.69,0.05533,131.2,0.09791,0.02423,0.144,0.1628,0.06637,99.04,0.3215,0.0395,0.1752
566,1,18.98,0.05648,108.3,0.05302,0.03731,0.09251,0.1418,0.0782,48.55,0.3403,0.0473,0.159
567,1,25.74,0.07016,140.1,0.152,0.06158,0.3514,0.265,0.124,86.22,0.9387,0.07117,0.2397
568,0,9.456,0.05884,47.92,0.0,0.00466,0.0,0.0,0.07039,19.15,0.0,0.0,0.1587
